OMP
[5, 10, 30, 60, 100]
[[[ 60 168 143 255]
  [ 60 168 143 255]
  [ 60 168 143 255]
  ...
  [ 60 168 143 255]
  [ 60 168 143 255]
  [ 60 168 143 255]]

 [[ 60 168 143 255]
  [ 60 168 143 255]
  [ 60 168 143 255]
  ...
  [ 60 168 143 255]
  [ 60 168 143 255]
  [ 60 168 143 255]]

 [[ 60 168 143 255]
  [ 60 168 143 255]
  [ 60 168 143 255]
  ...
  [ 60 168 143 255]
  [ 60 168 143 255]
  [ 60 168 143 255]]

 ...

 [[ 60 168 143 255]
  [ 60 168 143 255]
  [ 60 168 143 255]
  ...
  [ 60 168 143 255]
  [ 60 168 143 255]
  [ 60 168 143 255]]

 [[ 60 168 143 255]
  [ 60 168 143 255]
  [ 60 168 143 255]
  ...
  [ 60 168 143 255]
  [ 60 168 143 255]
  [ 60 168 143 255]]

 [[ 60 168 143 255]
  [ 60 168 143 255]
  [ 60 168 143 255]
  ...
  [ 60 168 143 255]
  [ 60 168 143 255]
  [ 60 168 143 255]]]
[5, 10, 30, 60, 100]
[[[202  99 180 255]
  [202  99 180 255]
  [202  99 180 255]
  ...
  [202  99 180 255]
  [202  99 180 255]
  [202  99 180 255]]

 [[202  99 180 255]
  [202  99 180 255]
  [202  99 180 255]
  ...
  [202  99 180 255]
  [202  99 180 255]
  [202  99 180 255]]

 [[202  99 180 255]
  [202  99 180 255]
  [202  99 180 255]
  ...
  [202  99 180 255]
  [202  99 180 255]
  [202  99 180 255]]

 ...

 [[202  99 180 255]
  [202  99 180 255]
  [202  99 180 255]
  ...
  [202  99 180 255]
  [202  99 180 255]
  [202  99 180 255]]

 [[202  99 180 255]
  [202  99 180 255]
  [202  99 180 255]
  ...
  [202  99 180 255]
  [202  99 180 255]
  [202  99 180 255]]

 [[202  99 180 255]
  [202  99 180 255]
  [202  99 180 255]
  ...
  [202  99 180 255]
  [202  99 180 255]
  [202  99 180 255]]]
[5, 10, 30, 60, 100]
[[[126 182  87 255]
  [126 182  87 255]
  [126 182  87 255]
  ...
  [126 182  87 255]
  [126 182  87 255]
  [126 182  87 255]]

 [[126 182  87 255]
  [126 182  87 255]
  [126 182  87 255]
  ...
  [126 182  87 255]
  [126 182  87 255]
  [126 182  87 255]]

 [[126 182  87 255]
  [126 182  87 255]
  [126 182  87 255]
  ...
  [126 182  87 255]
  [126 182  87 255]
  [126 182  87 255]]

 ...

 [[126 182  87 255]
  [126 182  87 255]
  [126 182  87 255]
  ...
  [126 182  87 255]
  [126 182  87 255]
  [126 182  87 255]]

 [[126 182  87 255]
  [126 182  87 255]
  [126 182  87 255]
  ...
  [126 182  87 255]
  [126 182  87 255]
  [126 182  87 255]]

 [[126 182  87 255]
  [126 182  87 255]
  [126 182  87 255]
  ...
  [126 182  87 255]
  [126 182  87 255]
  [126 182  87 255]]]
[5, 10, 30, 60, 100]
[[[157 181  91 255]
  [157 181  91 255]
  [157 181  91 255]
  ...
  [157 181  91 255]
  [157 181  91 255]
  [157 181  91 255]]

 [[157 181  91 255]
  [157 181  91 255]
  [157 181  91 255]
  ...
  [157 181  91 255]
  [157 181  91 255]
  [157 181  91 255]]

 [[157 181  91 255]
  [157 181  91 255]
  [157 181  91 255]
  ...
  [157 181  91 255]
  [157 181  91 255]
  [157 181  91 255]]

 ...

 [[157 181  91 255]
  [157 181  91 255]
  [157 181  91 255]
  ...
  [157 181  91 255]
  [ 81 101 107 255]
  [157 181  91 255]]

 [[157 181  91 255]
  [157 181  91 255]
  [157 181  91 255]
  ...
  [157 181  91 255]
  [157 181  91 255]
  [157 181  91 255]]

 [[157 181  91 255]
  [157 181  91 255]
  [157 181  91 255]
  ...
  [157 181  91 255]
  [157 181  91 255]
  [157 181  91 255]]]
[5, 10, 30, 60, 100]
[[[242 158  26 255]
  [242 158  26 255]
  [242 158  26 255]
  ...
  [242 158  26 255]
  [242 158  26 255]
  [242 158  26 255]]

 [[242 158  26 255]
  [242 158  26 255]
  [242 158  26 255]
  ...
  [242 158  26 255]
  [242 158  26 255]
  [242 158  26 255]]

 [[242 158  26 255]
  [242 158  26 255]
  [242 158  26 255]
  ...
  [242 158  26 255]
  [242 158  26 255]
  [242 158  26 255]]

 ...

 [[242 158  26 255]
  [242 158  26 255]
  [242 158  26 255]
  ...
  [242 158  26 255]
  [ 54 147 174 255]
  [242 158  26 255]]

 [[242 158  26 255]
  [242 158  26 255]
  [242 158  26 255]
  ...
  [242 158  26 255]
  [242 158  26 255]
  [242 158  26 255]]

 [[242 158  26 255]
  [242 158  26 255]
  [242 158  26 255]
  ...
  [242 158  26 255]
  [242 158  26 255]
  [242 158  26 255]]]
